filename,month,extra_time_hour,makeup_time_hour,surplus_time_hour,silence_time_hour,subregion_time_hour,skip_time_hour,end_time_hour,total_listen_time_hour,silence_raw_hour,subregion_raw_hour,num_raw_subregion
34_10_sparse_code.cha,10,0,0,0,0.07,3,0,16,2.93,9.53,5,5
25_10_sparse_code.cha,10,0,0,0,0,3,0,12.8,3,1.3,5,5
34_13_sparse_code.cha,13,0,0,0,0,3,0,7.36,3,3.14,5,5
38_09_sparse_code.cha,09,0,0,0,0,3,0,13.57,3,2.92,5,5
25_08_sparse_code.cha,08,0,0.26,0,0,3,0.24,6.67,3.02,0,5,5
21_11_sparse_code.cha,11,0,0.98,0,0,3,0.93,10.43,3.05,1.5,5,5
44_12_sparse_code.cha,12,0,0,0.11,0,3,0,11.5,3.11,1.74,5,5
34_09_sparse_code.cha,09,0.42,0,0,0.07,3,0.21,16,3.14,8.02,5,5
36_10_sparse_code.cha,10,0,0,0,0.65,4,0,12.2,3.35,3.73,5,5
40_11_sparse_code.cha,11,0.33,0.01,0,0.87,4,0,16,3.47,12.48,5,5
17_11_sparse_code.cha,11,0,0,0,0.08,4,0.37,16,3.55,9.3,5,5
43_09_sparse_code.cha,09,0,0,0,0.02,4,0.42,15.83,3.55,2.45,5,5
03_08_sparse_code.cha,08,0.04,0.32,0,0.09,4,0.72,16,3.63,7.83,5,5
30_11_sparse_code.cha,11,0.14,0.1,0,0.41,4,0.19,16,3.64,6.48,5,5
33_11_sparse_code.cha,11,0,0,0,0.08,4,0.28,13.35,3.64,1.93,5,5
02_10_sparse_code.cha,10,0,1,0,0.15,4,1.18,16,3.67,3.85,5,5
23_11_sparse_code.cha,11,0,0,0,0.08,4,0.25,16,3.67,5.04,5,5
21_09_sparse_code.cha,09,0,0.2,0,0.5,4,0,14.14,3.7,4.51,5,5
06_09_sparse_code.cha,09,0,0.29,0,0,4,0.58,14.01,3.71,2.89,5,5
25_09_sparse_code.cha,09,0,0.28,0,0.28,4,0.28,11.9,3.73,3.2,5,5
28_08_sparse_code.cha,08,0,0,0,0.26,4,0,11.3,3.74,2.02,5,5
35_08_sparse_code.cha,08,0,0.53,0,0.53,4,0.79,12.03,3.74,3.33,5,5
45_10_sparse_code.cha,10,0,0,0,0,4,0,5.33,4,0,4,4
13_10_sparse_code.cha,10,0,0.51,0,0.07,4,0.17,12.5,4.27,5.24,5,5
45_08_sparse_code.cha,08,0,0.75,0,0.36,4,0.48,13.9,4.27,2.03,5,5
02_08_sparse_code.cha,08,0,0,1.3,0,3,0,16,4.3,5.61,5,5
26_08_sparse_code.cha,08,0.24,0.42,0,0.79,5,0.46,16,4.41,8.53,5,5
09_08_sparse_code.cha,08,0,0.58,0,0.09,4,0.09,11.92,4.48,3.92,5,5
41_10_sparse_code.cha,10,0,0.5,0,0,4,0,16,4.5,8.72,5,5
04_08_sparse_code.cha,08,0.16,0.77,0,0,4,0.43,13.37,4.51,1.75,5,5
17_08_sparse_code.cha,08,0,0.22,0,0.04,5,0.64,16,4.54,7.62,5,5
09_12_sparse_code.cha,12,1,0.42,0,0.69,4,0.73,16,4.56,6.4,5,5
10_11_sparse_code.cha,11,0,0,0,0.03,5,0.38,13.83,4.59,4.52,5,5
08_12_sparse_code.cha,12,0,0.17,0,0,5,0.53,16,4.64,6.7,5,5
26_10_sparse_code.cha,10,0,0.73,0,0.06,4,0.01,16,4.67,7.89,5,5
04_09_sparse_code.cha,09,0,0.87,0,0.04,4,0.15,10.71,4.69,2.6,5,5
01_09_sparse_code.cha,09,0.72,0,0,0,4,0,16,4.72,1.53,5,5
15_09_sparse_code.cha,09,0,1.36,0,0.13,4,0.54,16,4.74,6.71,5,5
04_10_sparse_code.cha,10,0,0.96,0,0.21,4,0,12.92,4.75,2.7,5,5
22_13_sparse_code.cha,13,0,1,0,0,4,0.22,11.32,4.78,2.54,5,5
14_08_sparse_code.cha,08,0,0,0,0,5,0.09,16,4.91,4.97,5,5
11_09_sparse_code.cha,09,0.39,0,1,0.28,4,0.05,12.12,5.11,1.98,5,5
32_13_sparse_code.cha,13,0,1,0.42,0.25,5,0.82,16,5.34,3.61,5,5
07_08_sparse_code.cha,08,0,0.33,1.37,0,4,0.32,14.44,5.38,2.69,5,5
08_10_sparse_code.cha,10,0,0,2.73,0,4,0,16,6.73,1.19,5,5
20_10_sparse_code.cha,10,0,0.17,3.53,0.17,4,0,16,7.53,8.03,5,5
